16583
719
11519
6137
20682
10379
18084
14597
4218
12373
16158
14582
12805
16071
17453
12011
20022
10917
6585
12353
14596
20409
52
2867
15773
13114
5172
22490
5642
4244
12948
19614
7786
9724
1415
15298
9366
657
21987
9022
7844
10309
21726
12450
11756
19122
5950
12439
22993
12903
8862
3831
11242
4264
10801
18088
8541
16664
17555
11093
19257
13406
16197
16881
1379
751
21605
14372
12539
7514
6050
18845
14163
2688
9567
3435
2184
8489
6023
577
9256
8855
3771
3549
7294
1710
9025
5678
20247
2469
10362
281
4097
18842
23080
1505
11914
13319
15328
1249
