17366
14933
16443
11139
10227
3547
20495
4368
1550
4060
413
4819
2316
22990
19839
4475
9239
12705
18231
16327
13654
20833
11190
22681
4778
13836
17037
7056
4626
1191
21029
18672
4356
19725
3334
4450
13734
16126
14538
21980
6038
7577
11738
248
6245
13664
15529
13946
8988
22647
17659
19115
14274
6747
7691
560
51
12041
20430
10801
14809
1669
3610
6561
16536
12678
15053
19589
11974
20575
1508
21226
8933
3187
22818
23034
3277
12142
18467
19744
822
20343
2621
6580
11801
4133
10414
15183
17963
1464
7461
250
22945
5339
1202
159
5316
6407
20257
7451
