10898
22907
6934
21129
6811
14193
7102
666
6213
16742
21359
6004
9978
14037
3485
17407
2004
12618
19089
13766
17222
11246
9061
2189
794
21045
18463
1809
5465
17596
7484
22117
3561
12476
2863
8265
12963
5219
13016
18886
2711
20178
288
22905
11943
9460
15807
10972
21556
12873
14074
7314
33
14534
2592
20977
3565
102
12773
4947
19100
2263
12446
6492
22299
5965
11392
13713
328
21762
12719
11507
16025
21531
14742
8991
12295
11568
14506
11870
6787
18001
16950
7954
18023
13100
17437
15794
21834
9599
6380
11243
17337
14261
6442
13626
5934
1225
14667
15515
