9743
12
13284
13225
9875
786
13641
10724
3576
9119
22492
10430
21079
16573
22741
4066
21946
22281
17942
8624
13722
4711
22081
9377
10798
17055
19432
10145
13513
10686
568
14228
7786
21399
8658
2456
17795
1339
397
13156
15658
4975
17120
4524
761
22254
2795
21441
15106
12439
1678
11283
8344
17793
17877
20600
6421
9389
21223
33
17836
1253
5134
7185
5681
8089
16617
8024
5210
12100
20288
22643
696
10651
13206
16922
5442
20946
20045
8361
5535
5437
16712
1931
12232
19876
11752
9899
1534
3004
748
11571
14494
17018
22638
3152
10376
8419
3950
22502
