20255
20759
9399
19511
4785
14815
9237
7622
12583
18865
535
22036
3654
3990
5660
5876
21853
22980
14255
18639
18499
8775
8296
16700
3433
17722
6852
19125
1740
16062
506
9
15116
18281
9709
7183
20466
17141
4089
16902
1639
22256
12439
22939
5733
16305
8769
9298
15343
18689
4783
13397
6855
7446
12237
21942
15609
17485
8966
20157
18633
4382
15143
2735
1379
1145
11784
15239
6378
15193
11315
11134
14007
1920
472
6739
7643
18467
2962
19020
512
16967
1197
3637
21429
8412
10832
11834
1884
317
16394
5455
13131
7520
10172
22131
2714
8693
4772
12115
