405964
1098884
1112655
1296184
869551
1100494
1286824
1539596
1372207
842152
1291322
715179
151491
189903
1373272
282653
1088832
1392675
1090632
223377
1113672
785885
132064
747386
209808
191311
1118963
662165
412734
1027829
460253
175900
332613
1541858
1313214
1539479
1588405
1034021
175672
504193
1567375
1379742
1105589
71108
647483
185004
145899
581433
836365
252063
1214989
740857
1015896
60915
758171
1519420
124628
985023
1203453
282613
1150727
985517
1563892
259406
1555933
1300876
1516369
1461306
161174
467236
1464016
303041
1467799
1392044
66383
1161235
170882
792052
41297
34690
1201457
1465816
7685
1371768
926992
641562
180617
543027
79763
1069805
1549927
912121
1295085
485122
398594
1509323
1545154
1035548
528274
406645
1058442
724585
330168
1078784
3874
226956
642566
745306
621704
440169
441064
152116
617537
1338910
1109022
735560
1005175
1213170
1033393
1281304
411464
665231
840255
92888
657108
527282
48423
1196898
1528312
1352830
218404
1504210
1563981
189820
1330342
1321739
1051202
658589
222294
1415987
1619287
940933
1574293
1358703
1271206
1020786
1519840
1317403
1355539
1091781
1449759
1465797
703679
1341272
790778
422260
67662
618823
658297
1407747
1407051
1889
1364613
259493
1285934
549073
277053
1168486
843631
1249456
1243272
578316
207217
1619954
1075147
1610638
471490
283238
574987
1198173
605159
1602398
478421
1309856
927203
1554643
1167780
1571510
730724
1062424
1041775
934689
869498
727293
1439192
257341
1066255
1249371
1311636
1174814
623245
138367
1588354
1195144
755925
602038
653955
360241
1468337
1087890
515151
784793
1401206
859814
750712
360147
447560
1231364
255547
428293
965022
1077283
1239775
85548
959279
957426
1251137
722106
813905
185134
782670
475681
1116794
1513703
1162327
518119
6062
34558
575368
383014
1078244
403787
517326
969955
376817
856157
1278803
381225
1358613
958625
1493059
782665
1037604
209540
1073816
193762
934687
266158
894809
1604497
828548
1110495
621762
1433635
881733
824313
949109
1299189
775372
1154093
1463322
1440510
493300
20028
438012
562775
324116
79378
252948
1377626
252071
880171
1043359
776803
719693
158775
534645
577057
1562924
1323020
1327719
1440813
700647
796228
182392
1430481
990578
303843
887932
990107
941688
66663
1334052
317775
1270434
897766
1378688
728930
1450334
1210226
472110
286814
331405
1258947
777131
416157
1254536
653240
1303042
1032964
1171738
97376
1536071
1387723
905603
857575
676923
720974
1614873
1227656
583060
86725
918173
480378
781083
380351
987700
1133589
561878
1608582
991396
1551387
934546
1453390
837369
738079
1308923
1173654
1045350
1371023
1075864
490744
902547
1158173
789864
1131708
1047295
1176024
863999
1229266
422706
979214
1263503
765841
779467
694626
682243
191746
510076
838040
1242412
1323987
332379
1104437
1522941
324159
1629186
1583261
695582
684127
1022890
1126157
323751
877550
497538
1014910
434641
801324
1364236
474412
518890
1487977
636592
1599788
966582
951768
826501
706274
254263
1179383
1442067
1124393
1563534
150258
722933
469204
1318693
1176554
491723
728738
118460
8660
613275
118378
1070775
1255734
779530
1508349
600982
625169
648657
467931
486330
391469
504981
440357
100577
902861
306769
649793
387616
1342390
832945
1621394
608083
742597
163519
471074
881242
631194
1559632
676535
862861
1237340
1110522
1129188
678711
1328074
545287
1612447
179275
1397858
1590198
1261743
194400
242631
1039860
849522
117350
1518763
1326376
1322716
770661
223835
1052431
11613
1029330
1294430
1001333
196717
661625
482465
609582
321681
1519820
320149
799783
1061605
1099433
830448
882342
399174
639321
1363676
1399212
1428119
1136878
1431548
1404116
1606274
1352916
413252
267185
1378898
962044
570824
1527507
1619524
415970
1140589
265508
433942
1128750
1260808
662128
667510
519248
1333657
324353
1326164
817891
1100090
273728
181581
794673
1346090
721816
981106
796301
1278053
613097
1533411
1078516
388446
1435299
1353889
973254
1498917
810893
1060754
660612
823345
1371544
763921
480136
575699
929895
920762
1240930
1007969
600197
45901
1286263
1186859
619391
668550
125517
1410506
1027471
880307
555412
877297
1225393
1391778
353641
1149359
1078521
1365956
1492702
285531
1115192
83976
768459
705900
1375951
1438874
854078
435713
474705
1602525
766064
1446941
1354836
105669
652206
1053278
1188757
208766
817937
831921
981447
553186
327312
1078132
87302
117288
428699
63691
464464
1009042
292878
1249340
474574
341947
615574
337264
1088604
932966
928273
81555
735666
1310289
466964
1478293
658230
68471
696628
357778
842914
306730
856271
814363
1450486
387235
152102
402470
225318
1607442
61070
895853
832503
237707
287849
838815
1533369
1338636
1544471
657208
239802
1553164
1113876
567467
1177119
1097887
643597
1023097
957742
650731
489020
1454365
808873
993594
1305900
476538
12633
1407778
1036315
102262
1561066
1115323
1616966
1248595
977348
906755
872131
478228
127133
1512103
470760
721990
14176
1169031
1322095
522552
1153913
1265813
544803
110530
72967
533553
252664
266891
981604
1055231
1054215
1423759
232512
1599895
790631
1542142
642597
1525550
962282
140181
258973
1446159
1227164
89229
655836
1289318
145192
1003423
1337273
220733
1573123
1506643
1450837
1450348
440298
1246995
865049
664955
404309
337635
679222
868054
1095159
592211
339954
868714
1082161
452680
501885
1335533
216495
555569
518638
1075747
1109994
1284710
347612
214036
1398886
1293467
1595261
1248797
1462646
1388283
799022
298425
492744
1206489
1218372
331639
1485843
139803
198884
1250604
1070531
1208514
755453
495083
1207790
1225504
1070176
1168633
681404
739408
482508
1160334
1379312
1488698
292138
217608
647112
663611
550580
989912
281595
1137550
1202400
262140
675338
1322706
1077618
67131
825501
373231
571910
1570296
521165
461452
1541378
1264355
329241
65545
566598
362181
44654
379234
206464
871223
346908
1048567
963792
203709
534675
835029
1043390
642840
895759
659091
1378631
282866
1285659
821727
1520207
293992
95054
1365253
1486247
1584518
1194213
1123449
470684
799657
236326
912991
1217892
1376507
1245563
1402006
38497
912266
1629534
381378
646705
1123789
670908
710493
932922
312425
610856
345411
545607
604606
915609
1144905
861476
644524
1478785
277023
722894
370007
509836
176653
774458
1047805
992310
1179540
196011
1253423
290846
1614967
1049414
1235704
238575
1172089
268064
1094766
1446478
564876
824689
397369
579115
403773
1391368
679320
474720
225975
224638
1420741
778162
1243548
528191
239319
728511
5896
1562508
933596
1200984
601151
1442861
1133944
837305
930847
313696
826364
244675
546358
1180149
1374581
896054
889461
690642
913396
1547563
1073513
187473
1343176
484757
1159546
1072206
521001
1291104
753119
914101
722703
694141
533418
305073
426949
419359
1120414
103079
13050
499338
311083
373909
1117110
170336
9240
327892
65159
246601
126584
913278
1055937
753431
845446
984521
1452984
507010
178710
16453
520347
1134447
244123
371701
927650
1119464
107727
4350
255557
993895
43418
1333737
172605
1409791
899388
905916
1462405
281019
1590004
301543
1531949
1228420
1414323
59440
1242611
123135
1169510
20760
1054270
948560
1179504
709435
1409498
25039
413791
533924
325844
668755
472101
57333
282225
415270
102775
27586
297843
83959
362453
90963
99582
1238758
930083
266426
1269552
322364
61221
1367429
110607
858661
1627768
7854
1363993
477747
932105
1120305
270398
24083
85373
102622
121164
223009
388314
1327085
302176
1595703
296019
