906724
1388054
1524477
758493
1044701
304016
575533
1182401
1033341
563189
1459597
1050713
1236835
1270803
190148
1552221
956544
1499462
1041998
87889
974812
1396174
555631
805489
1462956
252481
1057934
78848
276732
945584
1171872
1380782
419870
621691
1005972
1366554
975512
697401
1177633
692500
494669
843897
848649
1545801
102318
1545598
1161643
723759
674918
859429
797164
786201
1137213
1530629
1399896
1426889
1431844
1381318
432833
1091113
428041
1063970
769337
1102071
1543616
1244445
602867
1357642
670446
1599589
1622056
902700
791931
1385610
131926
1209484
156763
1214615
142403
171130
132189
489039
196405
1548210
535538
257197
1373540
839442
1403301
969081
309184
448582
1346138
693686
1207029
920803
1024473
649162
1270060
570833
772718
385704
1149423
973160
1040714
246852
562599
1325997
1150621
890973
345608
979362
445459
143948
1570811
1199486
937364
844572
1006518
1420244
1082920
1610759
141214
1294046
1232146
1437810
526637
469999
720417
312394
1193540
541822
1467549
73367
1594484
1355310
1533359
1211662
442463
468180
325025
664519
1379466
1463808
1420198
351334
1007236
972171
478608
1067844
346452
382736
87528
1125327
543362
357041
1265909
443109
1543762
1543939
513222
149849
815434
1573029
193318
576572
891089
348874
1367270
1101524
242523
124153
1562041
1253566
1300900
699253
533011
1303396
883164
1409135
653617
1041439
1460511
1579423
1484470
817857
230981
3022
610221
952983
1201406
1397081
1591120
1594199
1385587
1447664
1581214
493939
935855
774214
1130452
1298556
260239
951427
1067049
1458615
922875
1573405
1379753
319156
1196665
216238
1181086
1071390
117105
1383699
275993
1056772
12985
1247444
286302
1204330
662058
32990
1213423
1351196
1587673
591455
466588
1129461
555923
669789
1277279
248113
1334914
1580606
516893
1576895
422882
1176883
698101
1353603
1299832
1401649
1442694
1207499
892911
1471580
1363662
1162251
407693
1274702
642618
922591
542854
1405682
554790
1198363
384833
1025508
1550687
1207862
1263125
1261280
1326216
1149861
282005
1091291
876534
1313876
1038064
35030
703550
41661
63892
481564
624895
798862
1522649
360424
225494
952470
1623374
324030
1502941
1386056
1067242
1387677
506932
394168
835607
516762
855678
918956
1406007
1629330
353898
1531159
954150
606290
937953
1404376
925707
1589135
1616066
1314306
1091359
63907
509246
809868
542460
662990
403930
1448905
246441
1180356
702590
1242901
480163
860010
576739
1392910
759912
708342
442263
1466034
709469
617504
1168741
1123697
905285
240932
879125
520396
779579
1630655
545225
1440621
611035
607719
716902
1435192
1405021
112722
1028794
1378842
1172200
578160
1498754
475326
1393246
1584538
1045193
914876
627929
1386450
1035477
690312
267006
491028
1292222
59999
1411992
1445946
321143
621245
144200
1005801
1235325
746525
802105
1445565
1513895
536969
420282
625255
1450098
1036431
674108
1071685
1182328
491170
766761
749545
1538059
1555531
1411293
1501818
1288583
1549289
104551
1532458
1259767
930339
835841
71433
399929
888064
624228
633086
420094
901867
416768
357187
976634
716759
823544
955303
1069457
129347
1159492
1283683
934666
1502842
731028
60084
1571413
218919
552038
1304293
1514774
229124
365145
880796
557861
924197
217497
1009791
135718
1378508
1367955
882329
767180
599242
317759
497323
1436091
1146063
93528
1022820
377229
689401
206653
1242672
487555
734345
174614
842265
1577352
581875
1311888
1298819
1042735
1126150
1421942
1494108
1142774
498538
852065
296185
462799
1378890
1157229
435824
315200
272267
356284
1324016
351175
417880
1413805
243395
203751
470139
366832
757447
1183395
1392786
153788
1199937
334468
1059532
1334349
538278
855034
1346457
68485
1064633
1259740
937444
402000
1406272
417286
502252
1610580
33588
1551711
384391
830532
1361619
797965
369271
772289
1571235
1592246
745677
206196
841893
157143
666307
916210
1106682
649736
540871
1584782
580753
1416645
477240
338693
1038750
1494787
1455035
1329633
1275358
1108904
665094
346247
1001551
584241
1493142
682888
872887
510564
475960
687674
1253312
924560
102335
594283
891426
326105
1180516
1292846
1103314
589341
1333000
1006990
97491
1419876
379351
1416795
152709
520243
911342
562605
345461
522142
685380
1385974
411688
669694
505245
900634
376646
1011751
1597777
212729
1245087
954307
150045
88508
547606
1264578
1461378
852079
1395632
953407
1035082
365152
273751
312215
1026565
1307759
200303
1332801
1582028
338990
693667
1417273
236058
1205991
1050359
1476977
174885
602744
1034569
562630
361457
279801
541379
3795
1493194
1440770
101018
1507222
395134
246918
816840
992179
1540248
600217
1447619
1083789
318033
889620
1629108
945723
43811
1186903
1535282
138893
306205
438905
775705
826539
1531922
1422256
843053
37155
329649
1595044
561333
783300
1501579
731217
151815
380604
1204863
1155680
427005
1065014
539009
1092756
907583
939495
388494
487463
245175
1539609
1054161
527371
790643
423208
31483
483628
100610
243898
788181
134945
1623378
1576702
94859
463117
242433
787856
1310699
1494243
1608693
421697
725940
568880
666931
1086840
1608800
1194792
609639
778420
906288
254995
613287
1182659
1446598
402565
103769
251374
1301381
454760
1398945
924446
344210
1306623
41348
1489556
1175750
708727
97411
632800
809542
454782
963959
659284
277323
1515862
626372
56578
796140
367999
1623954
528410
911196
1118483
850362
1271733
699495
1542921
1540165
410382
657423
997047
1205492
499915
221815
977371
1401083
651406
1368204
32627
1566162
1054297
975706
851228
1572980
502122
105375
400951
517516
1526457
797889
198357
1586327
1081488
324720
1531492
176891
972499
285282
551341
1291883
872233
746531
1339009
1027870
200148
1357713
1540805
316977
730414
338710
1404027
240067
625383
325865
324333
338109
1535792
515283
781566
734799
691677
382530
1574899
1189470
401156
520795
349495
1435013
830421
755339
492723
308605
1119211
1283478
447695
1207783
421727
1122056
936469
1479402
382398
163984
1156534
1252871
106724
314550
240087
346111
1023645
1516170
1124297
1187463
1314988
525770
554439
767712
629861
1513544
1423691
1348710
80280
187071
625967
1164039
381640
214151
385983
545952
1059057
1246374
129830
1519953
1371376
398320
1136465
47713
1509336
1053524
1296229
515437
1297397
212914
1609602
60893
179929
859359
1336823
1158703
568463
1017193
531405
1395351
1077153
813780
504323
1569121
744544
1197296
99734
1344223
658503
1042950
1515878
285887
1376516
471297
1237245
753561
1221728
79388
1350816
543253
1317803
621309
1227045
355527
615725
384869
1410192
851677
1264476
1068067
215757
1097422
646617
772164
1625918
758735
974888
724
177100
1200766
1483749
753249
564283
1587169
340214
1230555
791239
1247684
84560
211699
559296
687894
542992
1448038
2842
1011154
1013877
573969
16115
402188
456409
70146
127493
570027
378818
529350
1163341
568813
551302
482602
160164
6823
532421
912411
1170455
325002
20672
294323
1431404
18164
2351
1375342
337602
218250
108659
36446
292697
391895
510729
83462
499556
24574
355321
278440
71139
64656
501920
1223523
23748
38371
324579
300314
1355761
255638
181547
24204
496983
57025
1589222
846321
1083754
446520
611276
160415
888410
345276
301191
26989
804330
1442392
11744
273577
420830
476546
81629
236040
1627193
13859
195603
181973
524503
42123
115850
265578
319643
60347
229469
30237
70060
660373
206036
1564359
287985
243166
287007
1181682
1512382
914719
219985
172269
18991
1050663
115351
1065629
102712
103819
524262
492606
1619272
413148
