1613126
327372
336127
1109636
779259
1182406
536702
1352336
1159412
851746
1373851
407694
97537
1564675
313041
1009126
473530
922769
202434
652622
101257
262600
334482
1413803
309644
30884
877689
10
1182063
1305904
988711
1283843
532403
452695
416591
1414151
1056422
1175402
51862
1581195
991685
184276
745614
399877
1115808
1490791
567392
858061
1387272
222060
135424
1516446
700944
701951
221008
1611062
1584169
531815
846743
1175159
1307362
557567
1418716
894760
135405
168037
498669
1193853
1497842
1081967
648884
93508
1298520
326958
1419014
1392656
835639
901667
405976
1311659
173190
178256
446605
363499
474892
146557
706932
602801
414826
1516285
1181914
759612
1485450
1019667
1561437
51627
99066
32343
3677
1106411
1623838
1257012
1629500
301122
915402
1416632
646811
1444427
1512668
1226971
1299992
1627336
572052
1572033
287524
388252
1009269
1194939
1456271
791504
1193399
1599420
1297702
1382222
984412
1575066
1192003
1616384
1541523
1449592
1212642
714185
1598236
477782
422469
174851
824625
1498229
1135230
1220627
1529036
1493199
1253216
711941
22178
989627
1119242
1193658
1235012
881652
1299872
488149
1030132
667441
555407
97577
1104290
918110
247191
725993
310659
1618317
348065
683818
1517026
1503149
1585729
737789
411491
736422
376000
326867
285581
713828
286635
275834
292189
392042
1344733
1188647
1440180
1451646
742608
1021934
950453
1328762
896763
475096
1603193
1552071
54254
1226974
1428340
1408203
612830
1588777
889502
1000178
1269082
1598310
1591480
415521
549652
784183
423719
1500459
1232630
1258729
994162
1282780
1464293
1417229
886765
106997
1465646
433550
1391417
1464207
1459925
441382
1295476
1007208
396420
1077080
1048433
466809
1003564
863249
1385390
858352
612311
201961
1192413
732585
1033827
647275
549887
1034010
1308011
1056291
1478265
276876
592750
243530
641353
368978
1119100
1283146
1531412
1379750
1196637
993270
799270
791949
1290053
1473641
672488
568515
205210
248902
1404315
1007177
1102948
929292
1156351
721294
601383
1582299
739136
1391291
1117012
391230
470942
79487
336439
115716
69439
538135
1344586
1465794
314661
844755
768353
565117
493147
652010
1225627
820915
1410925
604285
892234
750235
961779
1062865
726136
1288892
1545158
901362
73490
1229612
1390359
1517584
684050
1330137
1400603
470432
432728
635260
721615
812802
1100556
464742
1374250
959095
64482
763184
976170
520554
877717
600650
1487167
1480022
1384069
579566
715427
1341597
1459208
79302
726219
1524543
182202
1435551
957175
698059
482917
1476079
741078
1470471
768668
737308
913629
1464213
552567
1235995
66886
1384023
1197891
1247071
1416671
508841
933084
476974
723636
682022
679750
1555555
677354
229173
963935
1308184
1266726
1382961
141779
1610813
400000
804177
947765
414286
518975
1550261
701736
1346753
1454879
832748
302942
396207
1542265
61476
1135155
1352302
620595
1113961
1152410
284314
1116058
854369
464911
449551
1532965
1570107
1426525
1387655
1425536
1214020
864299
971400
1571190
412686
203736
1083835
814757
1265770
472584
1479267
940025
1407202
458015
583022
1208883
46909
494563
1194513
887388
1389577
850074
308945
716039
1448307
1278602
1604087
761845
910957
287993
850185
1528391
608001
1048738
268935
852648
1275498
351178
1029830
1230058
811937
815926
1137829
704151
678752
734497
1420358
33873
749394
349636
1163674
487092
1226280
782344
870840
1606207
234339
798612
237098
1070775
1365318
1569826
310028
891499
342679
1443350
1604798
1550508
1002737
1517624
719929
871039
836941
1066627
369000
597304
340444
374000
428484
1627551
975169
718541
541772
700480
1243891
992126
904601
263984
856319
1422036
1627738
1208055
414385
738721
669025
480177
1233844
394001
775044
447254
1002700
833749
1250181
896955
1171379
114449
1033745
486888
1234474
1483744
1552340
1254731
447515
913445
1299398
835756
911884
439314
497226
1189271
839466
1243535
1149481
816468
1390581
358107
932362
1048340
260118
1425266
275669
877228
1306811
942182
1117898
1067035
908962
1532145
1051346
951935
462546
343011
317085
1354784
1370550
854545
753597
877618
1224950
128514
335714
666200
658377
22494
541022
1415684
465952
773555
1234710
766360
607685
698979
118368
1218235
938644
134031
503923
1597335
1040286
954383
1532600
1511927
1507106
1106185
185089
1308142
1559262
522605
1443895
264193
1559887
636175
1038205
988113
1222615
1116541
893402
1297223
1247509
1176855
302206
58810
1600853
399981
76570
1328706
1056373
1105154
428378
693603
1030388
674531
1493172
1315499
1527682
219192
703252
24676
810960
290793
1230312
108111
466033
1351633
949129
1580799
931162
421728
140696
507638
659586
732053
413959
257302
329450
668302
1532015
271740
1146588
725237
1179050
1393552
497504
1249015
1445117
1219471
996059
291204
710143
848723
50146
708451
690521
240996
601607
729277
1428131
435346
365749
279177
847069
753167
1252446
1243659
245297
147282
239179
1163410
35559
1049382
788471
1040250
1135100
384665
946096
1153831
84506
626787
551735
371531
192398
1064946
838321
680263
253285
654216
244961
476686
1084605
1498980
1071697
1543057
1015034
735712
745728
1265150
815098
1065947
397923
1438501
965382
1100338
1074191
479514
1040869
318491
1420056
1442940
568228
1090557
1151815
1082277
1428064
189636
145927
332706
172256
1289999
729646
563179
452812
441571
856717
1364969
216182
394332
324606
1183708
1131902
187008
1097030
1041396
1546859
434299
1256254
1630671
1350298
1472048
312258
241153
1199877
507600
152915
1187205
1155722
1260700
560962
372325
533750
486300
532684
605551
910333
58463
85733
508087
766986
598947
1083289
1352075
1407511
1205161
607484
162525
795019
233351
400066
765311
1183179
643713
123394
1279056
1015481
633471
87981
1209296
58159
328285
1347724
788861
1242770
863767
999009
1533862
420145
658679
1473332
851591
84722
1218103
1554099
92780
583074
1397034
922802
1164278
234337
797434
209436
871275
144166
1030990
1170600
674741
729024
135626
295302
273734
1518301
523310
434933
594856
459306
1200480
689961
110159
110528
1069078
268511
213705
159632
877567
1531546
35381
767899
345877
1588915
367168
687809
999725
1495507
256203
792287
898436
644403
1096280
1082039
1583052
121048
757511
615231
451667
1111295
1101446
166062
1440059
640442
282307
872952
599220
91033
1095130
499564
222111
602693
369666
1485022
201428
497147
768113
692344
83734
1267988
1587679
1620432
590287
1377181
1156603
633879
348143
421529
1508050
113587
91117
429378
1233873
59784
297034
743220
489353
341042
1381858
459194
1151677
1508697
320585
679371
1544739
745890
642615
1364603
1301657
1103281
960135
1558295
1246664
76521
166874
1263357
538052
773635
1429035
1470437
1431659
132558
722312
915683
557974
359882
1483749
1362354
991799
484453
697422
581530
995343
1267139
1193306
1444369
173719
55273
1418427
308288
322714
362871
800508
478327
297047
829002
502277
97672
708413
23227
83891
1013465
350672
149939
781942
106965
46512
1202155
23503
18989
1577518
81939
1165917
1514024
87994
541505
941022
73254
1619821
115385
161787
1242515
846524
1332177
1181550
725778
501731
758452
107978
795988
315828
120815
765047
30036
488685
376706
88650
222812
866165
618947
658340
877344
29760
848078
254140
11814
10474
1199757
22627
169098
38995
533970
1215712
577735
17849
258409
394942
82402
424056
399200
358963
1104224
1145479
242855
1390183
272230
120598
1492567
1628457
426949
1405475
533283
34027
897662
26454
1369869
29389
237114
1177741
658273
2784
1618600
218046
91515
