39903
788337
1597908
832308
872108
852276
798153
226137
1549294
1279439
105153
1519970
821688
994912
1192852
161979
97177
196062
592558
128986
308227
882258
1502035
905436
261159
1154938
1543845
201966
259054
1025777
702284
1468860
833203
244906
415110
829807
861388
201147
826432
759164
352610
1236664
1322326
1072416
1103917
1501713
959260
1497732
1273078
101993
959239
150843
1386388
87116
123070
612082
1584767
1253294
872307
1115525
1146944
679724
12528
1491716
468739
788585
1516412
1289467
1495822
1225595
165374
1109323
829046
136311
1230913
785992
899293
684296
375663
1270605
1405084
1126087
1481969
193421
183591
379863
1071880
81386
852053
984448
911598
597155
867553
1522173
818940
206956
1375374
1531892
121121
164869
948095
383816
1333794
1013786
1602158
133670
10158
588059
815343
562452
128303
1599338
1149692
1330254
1426149
602782
1266917
1624776
169780
1232989
617063
467648
1524553
1192450
917915
1270773
1338795
1081853
433436
1111177
784872
1332534
1516793
1414355
890913
1418547
498315
1137208
876529
1527329
1362379
1450494
1579178
599402
553515
923333
986817
1246435
1425737
652562
1385452
862567
112283
338495
1593974
1623532
1500284
1193920
1488954
111890
1510480
1566335
1565281
1497167
756897
743914
869817
1226492
1623190
671804
309937
1369750
1181644
885728
1581762
197281
1622312
1371115
1288377
564068
676274
367575
344458
1602492
407633
1321102
187782
923863
433787
1043901
168533
688676
1017300
1443063
1519218
895949
299837
1466292
1151306
1595391
1008331
1076800
804426
1093746
1380196
897741
1182629
811602
620036
1038201
1470424
1282542
1243484
1539565
883730
1315418
1402566
1382664
398010
338912
1362543
821721
41172
565159
529764
1147662
1030268
605525
662076
1137581
39682
53662
573567
1365689
374403
120584
1217153
563873
1276236
345962
171239
1473092
121162
818759
1309154
41319
1457535
1466384
1398597
946192
351086
83506
277973
1526828
403468
987398
726071
798862
1252753
887328
1129384
1349506
1214269
1604433
534650
286239
461242
1027585
1240169
1528059
518874
412397
308394
1501614
1439897
1196577
579401
1131103
1379459
1255109
135866
661328
435212
1257676
431923
1607424
912550
477127
315866
581833
1272987
1350924
1213574
1108447
730938
842988
803725
14976
467145
1069899
899568
553650
1530719
1312174
851384
79072
510160
1204374
783669
1052467
957621
982581
589724
1407483
722275
727508
1254291
1234039
533000
203665
1340720
1139040
1252278
1140460
347986
199733
976961
1113026
797622
1241354
611953
729288
1058871
96276
1027490
582728
1589749
1474388
409153
221364
964912
1315570
1419561
516148
1140081
319246
470841
1038611
453119
1513252
522730
1607992
1454097
1415800
799460
1202263
555076
1496399
480512
925997
676329
1313234
167808
514804
403650
626674
403573
668381
774406
352730
616450
1440040
1581400
1375210
187791
157043
1395450
1165167
1439440
575505
1471366
739343
1588460
1309648
979965
427637
1117715
610243
1402196
1251832
1568452
405326
501686
748780
1062247
1443244
1556944
740625
932335
675865
38040
1064886
1555812
346143
207215
1470371
1122640
1208878
832704
169626
196717
444582
829014
521076
1179570
1476381
620733
834254
753106
1322545
798449
1277750
239127
950945
282907
630876
833708
473431
368973
606230
1101830
336690
168172
1192319
116662
1101865
1149280
512933
1128637
74843
1507026
1537036
222997
1170707
880157
418557
1176016
375749
252212
211800
1091322
851165
1514531
1577882
466494
1176411
267830
1104544
361084
177343
461221
1194911
185461
68677
1497685
1211471
1060159
1388542
1292803
90074
209381
1611872
981481
1507329
1301138
985044
272873
1559576
1114131
1549358
865841
322412
1233810
1088948
471880
38286
833260
1620340
1300901
559973
1470579
559357
164317
1482446
565267
1596617
1437434
1072651
793592
951127
1223327
1105444
633584
1525518
562201
552755
1071480
302523
1120687
790645
1072535
1187387
1401100
510467
1425521
996696
129924
422191
1529245
718470
1005746
137523
1076080
780711
89907
1558147
420966
1242219
496560
803274
466784
1208415
607954
1241937
539469
677069
1133664
1303652
724862
162971
1576358
355877
412958
52592
1248911
883734
1594148
1061520
224261
730013
164607
371530
1280969
1121819
1323790
359737
1129723
485256
627869
521773
428490
167291
442147
1026807
1024305
818112
480562
1363147
1020636
1368491
81995
1112460
712790
973505
467220
1083267
971728
409572
693447
1469959
360018
614530
384634
619033
371716
95269
790069
747061
86088
1108432
316592
1411746
695298
592433
482402
1063083
844981
948828
710448
1526499
1583129
288231
1345846
653704
132691
170302
1359489
288999
1497033
1269221
1607055
257151
205180
1379600
1157836
756700
193890
1480105
918450
698367
277696
1462863
237536
903332
71330
906468
677342
1155254
847970
697583
259532
1534493
1087961
698056
263617
89474
13552
272316
1316382
1572422
1087669
97070
613181
1358049
923674
1611686
1310872
609926
508943
997484
612048
631664
1490579
766047
324029
70256
286839
395966
1586292
1420592
1233230
808898
1148900
978115
357655
622997
386226
1627760
1284087
605636
1161324
923307
1238579
229016
28890
1522341
796336
211397
1178243
1532083
276978
1342098
827998
365348
1504087
949811
816549
747503
532365
721549
66041
322526
1479486
673166
1502076
898721
769252
813814
71993
1367766
42078
1065696
1216266
229153
899864
464374
1315892
284852
1049698
1208182
751374
1572950
1086316
613321
961230
175095
541347
863490
404389
471562
415963
512869
330365
69194
447400
819819
452190
636622
117907
131155
527953
1144225
633685
243151
47268
1479412
1345336
1275392
342267
389464
266329
635433
238062
76950
1129190
758172
534290
1147235
1402144
642430
555592
1504559
1217316
471904
678556
610496
1062296
982698
671257
324588
741405
338060
572630
1073185
1532289
1575222
1265072
1495559
1107191
487273
1480524
1055512
523503
284758
1554527
1424335
411060
547968
1422517
376531
1232705
644494
217608
291055
359245
87813
175768
418961
160369
1557172
270485
582174
404647
607233
601433
1328033
282594
1585345
1228413
453679
684293
143170
654233
422454
989649
550370
942871
60292
990950
951563
1573039
487469
649720
894726
899902
186061
468652
1505049
682960
1199338
66237
584055
1330366
1612518
1598801
1118871
581244
1271107
288473
1047649
1552433
1382253
1266172
291124
385370
1446677
1391317
305219
917124
1181296
298838
378367
386553
1413403
427187
1499374
1222550
156953
383487
402655
557501
682848
1173786
194649
79226
312967
10809
102404
928635
1476108
1444185
1491740
156514
128765
1477817
586076
435470
1255664
1287996
210263
1615732
521149
1482576
1257539
659346
1607031
610068
1150023
391939
267751
1002856
1298668
563075
1151492
1518122
749889
1631568
163494
923758
617664
137522
944568
1087781
870307
621046
1612606
483925
1376867
51461
779761
595455
490976
316779
323286
176782
277741
364379
22784
74062
1391572
950479
172257
304889
27447
1514004
330535
1087085
1083877
43826
1163133
387014
705119
19759
979515
26798
72228
784745
649554
179750
306672
708973
104783
1084991
279067
247198
750813
1211157
23245
122899
1563587
182696
169029
1480893
314817
92548
1440931
1411585
503213
111664
412845
330242
82615
383699
18028
288659
1070088
327045
35502
39548
297468
532107
333893
862913
485408
181184
253085
810764
609543
889567
1291291
126349
344632
45343
496416
168780
42451
185204
1531193
744411
863714
845700
4828
11688
842409
679581
763730
184010
1319621
400861
75630
91134
1129581
368191
302735
66997
26989
822610
19722
753943
41029
