663052
247038
243750
592927
488409
655284
301592
1512889
834766
1415292
491046
1063151
1472808
569640
1426776
417332
1462030
952351
1022533
1076419
559746
1056309
968955
968272
484374
137437
855635
331960
433426
909004
474817
66851
437391
1154622
600429
329660
578583
260487
1142711
137227
1486411
1627854
194940
1350234
408442
549478
1301705
1363318
950450
1532210
668989
577307
438199
1382163
1171487
1253626
261566
737309
1376162
921067
653860
1396657
1501609
1042752
549514
301309
1552476
645929
959670
881520
1512358
1121543
848917
173243
1500784
737606
1010445
204551
1387732
1208504
1461462
1348601
1616782
608875
1279403
970354
255159
1164066
3592
1554458
417597
1595138
402710
976191
1620153
109805
512894
153103
602881
835012
1561455
1194837
1283156
1410855
1256849
855104
1118988
899376
1273021
240555
714375
1488407
1301369
853080
1485565
923584
1466102
21955
1505123
1218832
490330
248476
1059948
267531
1248022
1123490
1245979
1118530
1464568
1598633
1148533
1168324
1603992
835075
1565742
288962
1520163
1245525
532659
1250426
1567252
1598778
1316389
959592
1614604
155921
187439
79883
580551
1183912
1097897
524977
1408589
405204
1318393
378676
1413112
1595392
1239118
991278
1576459
711325
1179921
1407885
1021136
1613072
422836
1196419
1480002
825777
1542375
407481
824667
645154
345023
641060
121793
1112947
859013
126797
643058
570588
1030579
1429428
478877
155837
841991
1263592
1444346
762552
835432
1173419
1055729
928159
367786
1506913
844952
1167372
1101169
669829
691771
1310506
917382
1250775
1482333
990186
1121796
495239
750588
1184212
1523849
373839
855637
907700
1208
417636
517468
660780
247802
64184
917398
573480
1309831
943213
933413
1575008
1556689
578050
85428
621952
875464
1156166
507489
768142
1611219
1081882
926949
534984
114527
840593
1259593
1056993
1049620
534645
917583
1240591
1249727
820130
1057364
1266530
702828
1133639
1573144
1532881
226154
1133666
1267776
1329609
1024025
1046679
226952
1100308
571020
462850
703550
109851
1492897
1485404
1458347
736906
339850
1254293
1398139
1333972
1310466
885030
1109946
1489671
1005714
507980
1487252
914327
509203
791577
1329436
378563
1131613
809980
1183679
418155
1300991
100985
1598952
1340275
10711
861402
1194022
1278850
1207923
1156708
1414857
736257
1175880
742062
965012
1171689
1578692
1182814
1191102
577214
175462
446918
490636
1438892
171341
911856
1359643
1212827
907828
155698
608413
1125214
1011838
1353238
789075
751954
1202977
984442
170775
1543606
1276637
1450651
711591
1284428
1277574
1037505
571841
892545
1574130
1084635
1262736
1107840
324850
1285560
1115804
589171
1247018
1037134
677859
94744
1261672
696620
756779
720107
1278793
1009371
607732
1019436
1044699
57140
600563
38403
1590337
792333
950093
952319
1157089
67745
1576992
146724
1299109
1181435
560828
1350421
1232269
920728
1290375
658750
475640
1617949
1436576
1502210
274523
1597658
162804
514659
680358
937156
1226795
1061545
678548
1383914
828185
528360
1166456
1474017
895132
868032
601225
1372504
199453
1588851
7762
793017
30669
317419
275691
852494
267236
1123071
1361069
1195602
639194
416857
351061
1572719
1386148
1502948
195457
1629182
577751
635989
743515
189542
926953
1486641
1366095
1267131
987508
501480
1084150
1449489
191472
550340
1263006
386125
200211
1095841
418685
1000927
1118331
1382308
483793
1177244
7466
1362975
604167
224025
991831
729134
413345
560662
980726
98311
68144
175070
1584801
550285
689397
1296124
1280149
171504
414181
1341123
1164424
214882
245106
1098920
1507949
327774
263472
863855
500649
446389
211000
419361
1151945
1591128
1234774
410320
1555644
52135
490552
866521
1053242
1362597
227266
335839
417152
1085634
620981
1473267
157297
1281755
878569
337809
165602
1019988
593503
844942
811352
527345
1205009
1464975
342839
683835
455864
480685
720501
348042
253306
176309
457288
416298
589330
1373927
1499762
1191485
926127
1133733
1451819
1508400
398566
451609
276668
732975
1096501
1101621
1544832
1243937
972022
905387
1564284
923022
576325
1566969
1352330
1221365
1234609
1001197
720578
1480354
1435001
905376
904355
731185
668300
706128
946524
864130
1116727
1386644
603542
1452826
1274425
162572
1225212
424959
1263674
1171546
1029786
14835
760779
1051184
525891
396445
633739
518123
274627
1190131
1261385
1074301
1564805
779586
1215159
973391
1427341
965379
615637
807556
598449
489180
1222588
1332208
889080
680749
332107
146716
1409261
713221
1253063
1053430
332028
663399
898067
1097292
1335378
685777
764731
554657
809202
604499
1435066
1322094
1090993
189774
1597377
136064
370901
359047
451298
1573177
1272874
65699
257308
999171
1137984
508612
931900
140303
653808
1066041
1450327
1155959
985137
1505212
280377
106959
501126
733646
1133548
1080084
828551
829930
1110918
112566
826747
795702
1248024
379886
733331
1583166
665834
1318042
154793
240639
213703
242565
103568
847989
1190077
573342
1579961
656402
1616787
535974
417959
1336398
521342
1509198
847388
1073039
662312
130654
842860
541584
1483796
389042
1620143
1566695
271075
631782
1409609
1460230
608245
500260
257347
1434858
195645
12641
1427295
1622068
484413
829195
90834
639355
1297965
154883
1423722
1481222
559960
1465245
731694
197941
1469965
1615708
136511
260625
388881
1045914
1023174
87921
1282517
193812
314691
1106425
1530443
1222339
318211
607823
988020
389881
563594
1141812
177786
1514088
1368107
1138521
169901
246518
9696
333075
1188709
731490
1589190
276863
511716
487071
1194888
1383620
1331200
1267273
751646
83077
852723
803540
1100803
81812
317787
699096
118240
876685
1211168
761308
288559
640249
1490859
645323
308457
417432
74643
1570456
1129547
382108
1294716
81139
1479511
1426071
1301219
330438
1469747
545558
790563
1519869
976843
571932
915852
20766
912272
771975
305765
756331
1268893
1546449
1039149
373506
934208
580842
938259
380742
1063856
189785
1294669
961530
1184042
1250722
537793
259861
972334
413629
1158052
292645
275678
83083
915582
127052
1364733
450863
836158
1595901
440009
80525
1418747
701330
1519265
547608
1125972
15302
1629847
997823
176247
407615
518598
1343314
352800
462372
504286
298665
502320
1018536
602299
785146
1142409
1053846
1014467
17000
975868
1395868
1084409
688585
1560354
87038
578961
1311303
563574
1366867
673809
1613381
323574
592592
1625604
406545
1516428
1170722
1594814
820563
215799
372359
333689
962010
1023324
1388387
914851
1545480
1152073
521075
376598
906745
547620
988696
1368643
269706
749143
304872
1196979
438276
1339422
1123418
520985
197208
1601834
1577746
1445024
176622
1009879
1135959
138475
170108
8679
1557465
1607427
271589
294087
1446457
1204899
1336223
737364
702269
898954
1135714
447995
128529
1336390
716993
1179514
899968
1030317
1340049
282231
781424
641861
1015470
376935
192096
28033
820422
577630
740931
448960
493108
1141145
214781
321500
884226
107059
695785
235236
931664
1414316
982381
1403229
495351
390700
326780
909599
319440
374038
916734
692350
1104254
1237955
239813
373337
661191
1391846
1431952
292300
227718
1124507
420489
240284
1454377
59089
857687
92404
1514222
1518639
1175008
123590
1558528
1375087
209418
557940
112701
210077
53022
494884
1544148
296454
49614
177898
34496
201060
963541
438725
332476
592467
52767
124346
83465
305479
1143922
828111
326310
36169
141295
1074431
40385
1491833
30793
1384687
425886
1092098
129373
833408
465738
24865
570190
1243893
17280
205842
317334
506576
1317228
375350
29783
294486
941605
1238159
1341102
